Max=2.564807
Min=-0.367613
